Sides: 12.0 1.0 4.0  Square = 132.9661611087573
Sides: 15.0 18.0 30.0  Square = 2119.113021997647
Sides: 45.0 34.0 20.0  Square = 5239.437946955761
