Sides: 12.0 1.0 2.0  Square = 90.49861877399013
Sides: 15.0 18.0 7.0  Square = 852.0563361656317
Sides: 45.0 34.0 20.0  Square = 5239.437946955761
