Sides: 12.0 2.0 2.0  Square = 112.0
Sides: 15.0 18.0 4.0  Square = 714.4074467696988
Sides: 45.0 34.0 20.0  Square = 5239.437946955761
