Sides: 2.0 4.0 5.0  Square = 3.799671038392666
Sides: 4.0 5.0 6.0  Square = 9.921567416492215
Sides: 4.0 6.0 8.0  Square = 11.61895003862225
